Color: 0,0,100	7
Color: 0,0,50	530
Color: 0,100,0	15
Color: 0,100,150	40
Color: 0,100,200	3
Color: 0,150,100	82
Color: 0,150,50	33
Color: 0,200,100	28
Color: 0,50,0	18
Color: 0,50,150	41
Color: 100,0,0	318
Color: 100,100,100	1283
Color: 100,100,50	212
Color: 100,150,150	91
Color: 100,150,200	143
Color: 100,200,150	38
Color: 100,200,200	146
Color: 100,50,100	95
Color: 100,50,50	658
Color: 150,0,100	20
Color: 150,0,50	185
Color: 150,100,0	47
Color: 150,100,150	96
Color: 150,100,200	71
Color: 150,150,100	387
Color: 150,150,50	19
Color: 150,200,100	6
Color: 150,200,250	10
Color: 150,50,0	85
Color: 150,50,150	6
Color: 200,0,50	91
Color: 200,100,0	24
Color: 200,100,150	75
Color: 200,150,100	2269
Color: 200,150,50	71
Color: 200,200,100	131
Color: 200,200,250	371
Color: 200,200,50	105
Color: 200,250,200	1
Color: 200,50,0	44
Color: 200,50,150	16
Color: 250,100,100	42
Color: 250,100,50	71
Color: 250,150,0	21
Color: 250,150,150	69
Color: 250,200,0	2
Color: 250,200,150	146
Color: 250,200,200	420
Color: 250,250,250	198848
Color: 250,250,50	8
Color: 250,50,50	86
Color: 50,0,0	738
Color: 50,100,100	150
Color: 50,100,50	102
Color: 50,150,150	76
Color: 50,150,200	42
Color: 50,200,150	20
Color: 50,200,200	33
Color: 50,50,100	623
Color: 50,50,50	5898
Width: 224	1999
