Color: 0,0,0	10562
Color: 0,100,100	131
Color: 0,100,50	71
Color: 0,150,150	56
Color: 0,150,200	77
Color: 0,200,150	7
Color: 0,200,200	12
Color: 0,50,100	107
Color: 0,50,50	628
Color: 100,0,50	116
Color: 100,100,0	13
Color: 100,100,150	221
Color: 100,100,200	69
Color: 100,150,100	75
Color: 100,150,250	20
Color: 100,150,50	33
Color: 100,200,100	9
Color: 100,200,250	61
Color: 100,200,50	30
Color: 100,50,0	80
Color: 100,50,150	72
Color: 150,0,0	171
Color: 150,100,100	827
Color: 150,100,50	491
Color: 150,150,150	2639
Color: 150,150,200	232
Color: 150,200,150	100
Color: 150,200,200	322
Color: 150,50,100	120
Color: 150,50,50	231
Color: 200,0,0	106
Color: 200,100,100	162
Color: 200,100,50	181
Color: 200,150,0	65
Color: 200,150,150	1615
Color: 200,150,200	138
Color: 200,200,0	20
Color: 200,200,150	1576
Color: 200,200,200	10224
Color: 200,50,100	80
Color: 200,50,50	440
Color: 250,100,0	64
Color: 250,100,150	49
Color: 250,150,100	131
Color: 250,150,50	64
Color: 250,200,100	51
Color: 250,200,250	52
Color: 250,200,50	55
Color: 250,250,150	31
Color: 250,250,200	90
Color: 250,50,0	29
Color: 250,50,150	31
Color: 50,0,100	23
Color: 50,0,50	162
Color: 50,100,0	10
Color: 50,100,150	105
Color: 50,100,200	41
Color: 50,150,100	66
Color: 50,150,50	11
Color: 50,200,100	20
Color: 50,200,250	15
Color: 50,50,0	165
Color: 50,50,150	168
Color: 50,50,200	5
Height: 224	1999
